# Created by Octave 3.8.1, Sat Feb 06 11:17:56 2016 CST <ruansongsong@ruansongsong-Lenovo-Y50-70>
# name: all_theta
# type: matrix
# rows: 10
# columns: 401
 -3.945889997494349 0 0 0.0001098999907466417 -0.001015278752319199 -0.001107551704118732 0.001831497839360793 -0.02310474466103445 -0.0008680133226537753 0.0006551082715918273 0.0006883758899106264 0.0001197471924521825 0.0004755977522612095 0.002088797221301732 0.002051494503439395 0.006482840226460003 0.008519395887845728 0.0007174136300876366 -0.0001213731807120408 -1.458777988488501e-07 0 -2.636940873680946e-08 1.337241303330024e-05 -0.001407751650538568 0.01150759752962848 0.0132620960936956 0.002767896494189326 -0.0308084189289872 -0.0001732721813724231 -0.001138054666005491 -0.01392929513248982 -0.001759230980581761 -0.005146286338077158 -0.02240842738480138 -0.01426625744579298 -0.05926230410898703 -0.0811594530871811 0.007399457301926779 0.01311988745875839 0.0004846756242501741 0.0002489717929379592 2.132927497545208e-07 -0.0004085299388051281 0.0007892514742925414 0.03593794953768604 0.07961674313673378 0.1186012910715609 0.1110420289384587 -0.09429270982464717 -0.1247109716483016 -0.0315760738906529 -0.0478886622828312 -0.006313706607723944 -0.07841524609586645 -0.2530454042546272 -0.4208728843773795 -0.3283540209680997 -0.06665482322812366 0.07343079866642291 0.0009867901087099551 -0.0006081057789059432 1.074927290391683e-06 0.002006697504647111 0.004417743716991262 -0.2319373677741507 -0.7528068875883104 -1.203813919881785 -1.702945866753186 -1.052892143458606 -1.109750498849051 -0.1146701267223751 0.4042327710964762 -0.1525332227488154 -0.01088046356847398 -0.7385496475438272 -0.9892697208501908 -1.467579030213126 -1.995653527161466 -1.915339428539383 -0.04965072685946511 -0.02524699883033325 2.377682267557388e-06 0.009304068731053024 -0.07822050840839129 -0.1644302416248772 -0.4119480588476629 -3.919238525871607 -3.126363064930203 -0.1287103752358416 1.686541409951392 2.550272510632182 -0.04099453604627367 -0.6558381252470286 0.08934947953694708 -1.461212554049781 -1.438232645866802 2.383666648994771 0.03864635968686109 -1.927167201136847 -0.3535942880542859 -0.05946201936874868 -2.752933832890641e-05 -0.02163212865476606 -0.1609468235512808 2.167594987980381 0.1640557691560149 -1.195522481697003 -2.162197360440568 -1.338737851900956 2.898170679222975 1.96736692413408 -2.609569678606995 -1.6032381043344 -0.2517689477869141 -2.240596960739147 -1.93625206979164 5.249511615123237 1.068965460133021 -4.546476769232436 -0.9807496814165986 -0.06142467653055615 -0.0002267356037434554 0.01782912633240354 -1.075771409034027 -0.4687005155418323 -0.8900217430263812 -1.758588629638584 -0.8024156779640907 -1.665825144476457 -0.8759178458524224 -1.513107067032695 -1.37004594236692 -0.8935039662717886 -0.3166744529802443 -1.274948182940315 -2.317083977442051 -2.384403814201807 -0.04693567167747557 -2.42280515610785 -1.531696004266781 -0.03732098497987064 -0.001148646573235155 0.06317136527816331 -2.159386642333055 -3.633708821288967 -1.311026392443594 -1.329781226527549 0.1093414926835062 -1.161043984801214 1.132402681278182 -2.979297643301634 -2.914595789188876 -1.448393839126486 -3.235998684023477 1.76331863350252 2.961430081945776 -1.144668023298387 -0.02648834491660545 0.1778512744717805 -3.409749953614647 -0.01226922785818144 0.02837869972741172 -0.3481997400330251 -1.631775612626688 -0.8160914522185185 -2.798675160677234 -2.019697043474787 0.1357373175911858 0.3096491919266218 -0.2116348255710549 -2.862510415493102 -0.419045737360531 1.137384049113597 -1.286442734276459 -2.808527941493097 0.5724415956303847 -0.19710877966957 -1.061996898147967 -2.00353486345525 -4.075377561027121 -0.6166348287298763 0.05884735859581745 -0.6674589694976429 -0.3417338376460535 -1.059181361824313 -1.203904033237719 -0.525794966286836 -0.4077517466875063 0.1693004818982542 0.5201240001696182 0.5685920305675091 1.510794154850502 0.9724988083663783 1.10866936595862 0.857537631984996 0.33801458552242 -1.791451740535071 -0.1277844605731961 -0.3832660768037718 -2.925159751820083 -0.1765193352672402 0.03819272770461987 -0.3718495292489814 0.8482987143041628 -1.751249802588669 -2.963612978924278 0.7831739034642353 -0.5938831895035566 0.4543562720411434 3.781529234283584 3.950832111897043 2.648288481815795 2.926841214780907 -0.413504411469703 1.678214584894659 0.2539849013800677 0.3407130970490841 -0.3673802286340099 -2.178559362000409 -2.243429245535312 0.05444388028546295 0.01080481586032926 -0.2362474957538621 0.7320203523811524 3.16463988005373 0.9827422902273091 -0.6920923537415886 -1.382456075728192 2.516863962713351 1.869923004421963 0.8558220198300305 -1.169810345615649 0.20187211744466 -2.71438192731427 -1.580843368030558 0.9706233960292273 1.017224044032619 1.111834559229246 -3.799695071125863 -2.484562442444032 -0.09621126515459688 0.03142182525207594 -0.2792462451981654 -3.117443750364707 -3.967542008700816 -2.361730054298076 -3.042582821177943 -0.8189022308564597 0.06256020507392134 0.3096478975681992 0.1993469098932626 1.323603490395659 1.785480941555892 -1.208286261159632 -0.9161882826294594 -1.53141352409158 -1.819792962480869 3.111926290190148 0.9881308842311098 -1.210194411211794 -0.1589731327928001 0.02492510608523393 -0.3331821474718291 -1.299785842751198 1.848007700629351 1.060471437898118 2.548788395290418 -1.313086989110716 -1.648023373693349 1.85689523636806 -1.883422889541619 -1.791052461151972 -3.372161134874735 -1.706226377344321 1.96871702929319 2.353826117830171 -1.238946164068014 1.598007000987921 0.4513078996559253 -0.9677704848984288 -0.04744916727013097 0.003509585306203241 -0.02382348531197064 -0.7210984999356735 -0.8186880196944804 -0.1673620627561502 -0.8630017160770959 -1.633714905397824 -1.032228291912416 -3.152381652111379 -2.903099518066332 -1.498915206755208 -2.658978870145565 -1.808639647182108 2.654040379048801 -1.02850011738399 -0.4299412221434407 2.802272480382463 -1.688476048523544 -0.8205946589626345 -0.04939161453657344 -0.0002162574905328607 0.02046411682467532 -0.1959347701811616 -1.466990872504449 -1.340706877172519 1.166206942332871 -0.5909339653258165 -1.98473406452531 -1.688570161310004 -1.259480084804388 -1.649425710098077 -2.21867300796321 -2.156869099911947 -1.85740582758828 -0.8841231992507139 0.7466178156509184 0.168370260142603 -1.88772115911533 -0.01919660362170056 -0.010946864526621 -1.822685630548354e-05 -0.01777513367272946 0.1225859520613923 0.9689382300329686 -1.260612378949335 -1.357836254828557 -1.661075532222034 -1.314250866261882 -0.6454221223463043 -0.4603901909075038 -0.2849978009793874 -0.5029960767345459 -1.260206262579042 0.3738364426061829 1.022519981095457 0.1561158169213928 -0.7805096107727237 -0.5017799586980488 -0.02370096459040881 -0.008434060965234476 1.549835897488966e-05 -0.008207681498427179 0.05778863357737581 0.4789957349698076 -1.296214192118468 -1.854963847833738 -0.9886181478022549 -0.02180050812212316 -0.0414802034561516 -0.3890003394294808 -0.06613578390106756 -0.1751362595718813 -0.4929749333441413 0.7208431217093205 3.219075928390877 3.361862735397065 0.774163167497203 -0.2629963939037418 -0.02064612542038555 0.0006074941381124088 -5.425692169679788e-07 0.001312685960584351 0.001399849770358257 -0.1412657247500586 -0.4956374018886831 -0.1998632515729188 -0.2331514985892578 0.8524727857468213 0.6366664508332903 -0.1835699979040833 0.3511568006874491 0.04232438940031213 -0.1537411338300712 -0.008933111895618245 0.6723139049785561 2.137106598850303 0.5597001913208861 -0.05753009469882001 0.00121693856418359 9.416332485500418e-05 0 -8.217089132264004e-05 0.001678487756201444 -0.007151564159231548 0.009719372220798789 -0.009041311672605476 0.007984936193985206 -0.08159959908443759 -0.07289585905791618 0.0048704929629978 0.06242649362291768 0.002735939471700923 0.08389071362877186 0.4396567498922689 -0.01604033491574228 -0.1950480229465082 -0.04860746834866544 0.00601982042769832 2.331681136806937e-07 0
