# Created by Octave 4.0.0, Sun Aug 16 21:05:54 2015 中国标准时间 <unknown@WIN7-20150808ZU>
# name: a
# type: scalar
1


# name: ans
# type: matrix
# rows: 1
# columns: 6
 1 1.8 2.6 3.4 4.2 5


# name: b
# type: scalar
2


